--------------------------------------------------------------------
Descriptive Statistics for brightkite/run1
Number of Classes:     => 300
Number of Attributes:  => 7
Number of Trajs:       => 7911
Number of Points:      => 130494 - 106213 / 24281
Avg Size of Trajs:     => 16.50
Longest Size:          => 50 / 50
Shortest Size:         => 10 / 10
Train / Test hold-out: => 6442 - 81.43% .. 1469 - 18.57%

--------------------------------------------------------------------
Attributes: 
['tid', 'label', 'lat', 'lon', 'time', 'day', 'poi']

Features Selection (by Variance): 
                mean        Std.Dev           Var
poi    444524.500551  239658.483907  5.743619e+10
tid    197135.914003  140756.156361  1.981230e+10
label    9548.051915    9538.255736  9.097832e+07
time      711.438835     445.071563  1.980887e+05
lon       -43.022986      85.798329  7.361353e+03
lat        35.021572      16.207901  2.626961e+02

Classes: 
[   41    43   146   149   190   221   224   264   279   299   321   568
   570   623   650   662   686   718   818   824   851   852   878   900
   963  1075  1076  1094  1095  1141  1170  1240  1302  1446  1497  1513
  1559  1769  1770  1771  1875  1892  1907  1912  1939  1952  1968  2005
  2029  2059  2134  2138  2147  2152  2189  2191  2208  2276  2365  2399
  2807  2808  2824  2829  2845  2847  2857  2865  2868  2874  2903  2932
  2933  2941  2959  2967  2971  2978  2994  3043  3044  3061  3108  3147
  3362  3368  3401  3402  3410  3458  3711  3730  3810  3841  4016  4041
  4544  4570  4613  5210  5375  5589  5626  5700  6169  6185  6199  6205
  6208  6247  6269  6290  6381  6612  6687  6793  6833  6847  6895  6903
  6906  6907  6925  6933  6955  7108  7115  7125  7217  7218  7226  7363
  7419  7421  7424  7427  7450  7464  7467  7522  7523  7528  7529  7530
  7553  7557  7579  7604  7613  7618  7619  7632  7648  7723  7741  7788
  7844  7927  8067  8127  8231  8267  8268  8291  8549  8724  8725  8748
  8794  8907  8921  8941  9103  9129  9240  9311  9548  9566  9906  9912
 10208 10238 10271 10333 10428 10537 10557 10587 10617 10852 10889 10902
 10947 11271 11300 11333 11361 11527 11530 11549 11581 11587 11592 11595
 11692 11743 11756 11765 11841 11931 11996 12043 12815 12882 12900 13039
 13119 13130 13176 13220 13288 13297 13355 13583 13591 13617 13679 13853
 13916 14196 14356 15018 15310 16118 16586 16751 16821 17065 17076 17213
 17227 17372 17453 17672 17793 18243 18398 18432 18841 19440 19930 20249
 20599 21586 21699 22121 22705 22820 22955 23351 23796 24244 24707 26004
 26066 26208 26295 26408 26755 26998 27250 27534 29561 29598 29673 29854
 30186 30623 31068 32046 33575 33732 34007 34478 35566 35752 36545 36555
 36660 36697 37293 38768 41378 42319 42599 45216 47920 49030 51783 54164] 


--------------------------------------------------------------------
Statistics from TRAIN:
Number of Samples: 6442
Samples by Class:
[1770]     72
[6185]     67
[7522]     64
[2959]     64
[2138]     62
           ..
[7723]      8
[22121]     8
[2189]      8
[7788]      8
[22820]     8
Length: 300, dtype: int64


--------------------------------------------------------------------
Statistics from TEST.:
Number of Samples: 1469
Samples by Class:
[1770]     17
[6185]     16
[7522]     16
[2138]     15
[2959]     15
           ..
[30623]     2
[22820]     2
[7226]      2
[10902]     2
[51783]     2
Length: 300, dtype: int64

# -- -- -- -- -- -- -- -- -- -- -- -- -- -- -- -- -- -- -- -- -- -- --

--------------------------------------------------------------------
Descriptive Statistics for foursquare_global/run1
Number of Classes:     => 498
Number of Attributes:  => 10
Number of Trajs:       => 20911
Number of Points:      => 663020 - 523461 / 139559
Avg Size of Trajs:     => 31.71
Longest Size:          => 211 / 199
Shortest Size:         => 10 / 10
Train / Test hold-out: => 16530 - 79.05% .. 4381 - 20.95%

--------------------------------------------------------------------
Attributes: 
['tid', 'label', 'lat', 'lon', 'day', 'hour', 'poi', 'category', 'price', 'rating']

Features Selection (by Variance): 
                mean        Std.Dev           Var
poi     1.262754e+06  941906.345664  8.871876e+11
tid     1.366217e+04    9723.493023  9.454632e+07
rating -6.384042e+02     482.402046  2.327117e+05
price  -8.016423e+02     398.168443  1.585381e+05
label   3.104305e+02     246.839615  6.092980e+04
lon     4.978478e+01      87.114714  7.588973e+03
lat     1.882178e+01      23.539132  5.540907e+02
hour    1.386044e+01       5.694875  3.243160e+01

Classes: 
[  1   2   3   4   5   7   8  10  11  12  13  14  15  16  17  18  19  20
  21  22  26  27  28  30  31  32  34  35  37  38  39  40  41  42  43  44
  45  47  50  51  52  55  56  57  59  60  61  62  63  64  65  66  67  68
  70  71  73  74  76  77  78  79  81  84  85  86  87  89  90  93  94  95
  96  97  98  99 100 102 106 107 108 109 110 112 113 114 116 117 118 119
 120 121 124 125 126 127 128 130 131 132 133 135 136 139 140 141 142 143
 144 145 149 150 152 153 155 157 158 159 160 161 162 164 165 166 167 168
 169 170 171 173 174 176 177 181 182 183 184 185 186 188 189 190 193 194
 195 196 198 199 200 201 202 203 204 205 206 207 208 209 210 211 212 213
 214 215 216 219 220 221 223 224 225 227 228 229 230 234 235 237 239 242
 244 248 251 252 253 255 257 258 259 260 263 267 268 269 270 271 273 274
 276 278 279 280 282 286 287 289 290 293 294 295 296 297 298 299 300 301
 302 304 305 306 310 312 313 314 315 316 317 318 320 321 322 323 324 325
 327 328 329 331 332 333 334 335 337 340 342 343 344 345 346 351 353 354
 355 356 357 359 360 361 362 364 365 369 371 372 376 377 382 385 387 389
 391 392 393 394 396 397 398 399 400 402 404 408 410 412 413 415 416 417
 419 420 421 422 423 424 426 427 430 436 437 438 439 441 442 444 449 450
 451 453 454 455 457 459 460 461 462 463 464 465 466 467 469 472 473 477
 480 482 485 489 490 492 493 495 496 498 501 502 503 504 505 507 509 510
 514 516 517 522 523 526 528 531 532 533 534 535 538 541 543 545 546 547
 551 552 553 556 560 568 569 570 571 572 576 577 579 580 582 583 585 586
 590 593 594 596 599 600 603 605 608 610 613 614 615 616 618 621 624 625
 626 627 628 629 630 631 632 635 637 641 643 646 648 650 651 652 653 654
 656 657 658 665 666 667 668 669 675 677 680 686 690 692 694 698 699 701
 702 704 706 707 710 712 714 718 722 727 734 739 743 752 754 757 758 760
 763 769 770 773 777 784 786 788 795 800 802 803 805 810 812 817 819 825
 832 834 837 843 848 855 857 865 866 867 872 878 879 882 885 888 893 900
 902 905 907 912 913 916 919 922 926 928 935 955] 


--------------------------------------------------------------------
Statistics from TRAIN:
Number of Samples: 16530
Samples by Class:
[14]     56
[2]      56
[10]     56
[51]     55
[39]     55
         ..
[763]    10
[837]    10
[712]     9
[313]     9
[43]      8
Length: 498, dtype: int64


--------------------------------------------------------------------
Statistics from TEST.:
Number of Samples: 4381
Samples by Class:
[14]     15
[2]      15
[10]     14
[16]     14
[8]      14
         ..
[313]     3
[290]     3
[490]     3
[754]     3
[43]      2
Length: 498, dtype: int64

# -- -- -- -- -- -- -- -- -- -- -- -- -- -- -- -- -- -- -- -- -- -- --

--------------------------------------------------------------------
Descriptive Statistics for foursquare_nyc/run1
Number of Classes:     => 193
Number of Attributes:  => 11
Number of Trajs:       => 3079 total / 2382 train + 697 test
Number of Points:      => 66962 total / 51130 train + 15832 test
Avg Size of Trajs:     => 21.75  / ± 122.25202987983111
Longest Size:          => 144 train / 114 test
Shortest Size:         => 10 train / 10 test
Train / Test hold-out: => 2382 - 77.36% .. 697 - 22.64%

--------------------------------------------------------------------
Attributes: 
['tid', 'label', 'lat', 'lon', 'day', 'hour', 'poi', 'category', 'price', 'rating', 'weather']

Features Selection (by Variance): 
                mean       Std.Dev           Var
poi     19342.879601  11044.029291  1.219706e+08
tid     14322.168355   8032.962380  6.452848e+07
rating   -609.401222    490.184394  2.402807e+05
price    -737.693096    439.520963  1.931787e+05
label     512.829317    290.102295  8.415934e+04
hour       13.110894      5.938663  3.526772e+01
lon       -73.968881      0.085643  7.334792e-03
lat        40.760510      0.083645  6.996443e-03

Classes: 
[   6    7   12   14   19   25   34   50   56   65   69   70   73   80
   81   82   84   90   91   94   95   99  119  120  121  138  144  150
  153  154  164  171  172  178  181  182  184  185  187  188  201  207
  208  236  246  254  262  267  280  293  295  315  319  343  344  347
  349  354  355  359  365  371  372  384  386  390  396  398  412  422
  425  432  438  439  440  443  445  448  458  461  472  474  475  484
  488  492  495  509  518  519  521  527  529  531  533  539  546  553
  572  579  582  585  589  593  595  596  612  617  621  628  635  638
  642  643  645  646  647  649  652  660  662  673  682  688  689  699
  702  705  706  708  718  722  723  730  734  742  744  745  750  752
  753  754  763  766  767  768  773  787  806  816  819  820  827  834
  842  857  868  872  877  881  882  885  889  891  895  900  901  902
  913  916  922  928  934  943  951  974  976  980  988  990  992 1006
 1016 1017 1019 1025 1029 1040 1044 1047 1054 1055 1070] 


--------------------------------------------------------------------
Statistics from TRAIN:
Number of Samples: 2382
Samples by Class:
[185]     33
[315]     32
[293]     32
[689]     28
[354]     28
          ..
[94]       8
[857]      8
[988]      8
[153]      8
[1025]     8
Length: 193, dtype: int64


--------------------------------------------------------------------
Statistics from TEST.:
Number of Samples: 697
Samples by Class:
[185]    9
[293]    9
[354]    8
[315]    8
[349]    7
        ..
[121]    2
[988]    2
[347]    2
[913]    2
[868]    2
Length: 193, dtype: int64

# -- -- -- -- -- -- -- -- -- -- -- -- -- -- -- -- -- -- -- -- -- -- --

--------------------------------------------------------------------
Descriptive Statistics for gowalla/run1
Number of Classes:     => 300
Number of Attributes:  => 7
Number of Trajs:       => 5329
Number of Points:      => 98158 - 80780 / 17378
Avg Size of Trajs:     => 18.42
Longest Size:          => 50 / 50
Shortest Size:         => 10 / 10
Train / Test hold-out: => 4376 - 82.12% .. 953 - 17.88%

--------------------------------------------------------------------
Attributes: 
['tid', 'label', 'lat', 'lon', 'time', 'day', 'poi']

Features Selection (by Variance): 
                mean        Std.Dev           Var
poi    378499.007056  481157.092226  2.315121e+11
tid    238330.332384  252463.493084  6.373782e+10
label   32107.902563   43106.760192  1.858193e+09
time      816.253045     423.840675  1.796409e+05
lon       -59.238586      62.121402  3.859069e+03
lat        40.424405      12.815764  1.642438e+02

Classes: 
[   142    143    218    221    291    337    339    350    446    460
    468    476    494    539    540    569    677    708    743    779
    830    832    865    869    884    908    969   1120   1176   1245
   1247   1284   1358   1388   1400   1651   1848   2027   2141   2241
   2242   2251   2515   2660   2661   2707   2751   2845   2875   2896
   2996   3010   3074   3123   3129   3155   3157   3210   3222   3252
   3335   3360   3376   3425   3426   3470   3480   3486   3559   3579
   3667   3697   3698   3703   3708   3842   4057   4076   4078   4117
   4256   4308   4368   4390   4435   4508   4517   4547   4634   4648
   4855   4864   4883   4888   4890   4896   4929   5164   5204   5219
   5247   5267   5337   5406   5479   5496   5518   5677   5734   5812
   5980   6135   6183   6278   6303   6319   6321   6336   6453   6466
   6927   8091   8404   8833   8941   9677  10034  10094  10107  10153
  10176  10222  10248  10367  10410  10445  10522  10616  10832  10971
  10974  11006  11029  11053  11074  11112  11143  11205  11212  11275
  11295  11896  12321  12681  12942  13081  13436  14452  14470  14814
  14918  15566  16464  16931  18190  18426  18564  18623  18768  19082
  19285  19293  19378  19531  19565  19665  19709  19755  19807  19857
  20104  22142  25406  25459  26856  28375  28399  28406  29105  30006
  32389  33495  33782  33834  36075  36712  37398  38089  38364  38481
  38515  38546  38681  38818  39016  39547  39557  39561  39613  39622
  39628  39631  39648  39723  41577  45244  47987  48534  48657  49101
  49103  49804  49918  56524  57158  59959  69144  69181  69729  71244
  82947  84943  87275  89850  89958  90754 100174 100470 101542 102640
 102829 102869 103387 103549 103737 103840 103924 104139 104312 104758
 104769 104921 105825 106123 106154 106163 106541 107009 107182 107206
 107623 108117 108131 108841 109625 110523 110953 110975 111979 113194
 113411 116441 118449 119314 119425 119431 121146 121970 122357 124101
 124512 124522 124727 124868 125164 126312 128114 128268 129273 129893
 132468 133891 136385 139378 142661 148505 149121 153026 157210 168955] 


--------------------------------------------------------------------
Statistics from TRAIN:
Number of Samples: 4376
Samples by Class:
[350]       48
[6278]      36
[540]       33
[5479]      33
[10410]     32
            ..
[121970]     8
[6321]       8
[4888]       8
[125164]     8
[2515]       8
Length: 300, dtype: int64


--------------------------------------------------------------------
Statistics from TEST.:
Number of Samples: 953
Samples by Class:
[350]       12
[1388]       8
[5479]       8
[6278]       8
[540]        8
            ..
[2027]       2
[39622]      2
[5164]       2
[139378]     2
[157210]     2
Length: 300, dtype: int64

# -- -- -- -- -- -- -- -- -- -- -- -- -- -- -- -- -- -- -- -- -- -- --

--------------------------------------------------------------------
Descriptive Statistics for hurricanes/run1
Number of Classes:     => 6
Number of Attributes:  => 11
Number of Trajs:       => 1003
Number of Points:      => 26783 - 21083 / 5700
Avg Size of Trajs:     => 26.70
Longest Size:          => 118 / 99
Shortest Size:         => 3 / 5
Train / Test hold-out: => 801 - 79.86% .. 202 - 20.14%

--------------------------------------------------------------------
Attributes: 
['time', 'lat', 'lon', 'windspeed', 'pressure', 'year', 'month', 'day', 'hour', 'tid', 'label']

Features Selection (by Variance): 
                  mean     Std.Dev            Var
pressure    581.998340  489.004682  239125.578832
tid        2506.734668  305.291922   93203.157373
time        115.879714   95.322332    9086.346976
windspeed    47.878907   31.150687     970.365328
lon         -63.067950   20.424300     417.152025
year       1981.252858   20.167345     406.721801
lat          26.489072   10.139929     102.818158
day          15.677133    8.806017      77.545928
hour          9.101124    6.703445      44.936173
month         8.672485    1.353011       1.830638

Classes: 
['L1' 'TS' 'L3' 'L4' 'L2' 'L5'] 


--------------------------------------------------------------------
Statistics from TRAIN:
Number of Samples: 801
Samples by Class:
[TS]    452
[L1]    137
[L3]     68
[L2]     63
[L4]     53
[L5]     28
dtype: int64


--------------------------------------------------------------------
Statistics from TEST.:
Number of Samples: 202
Samples by Class:
[TS]    113
[L1]     35
[L3]     17
[L2]     16
[L4]     14
[L5]      7
dtype: int64